Frecuencia de muestreo en muestras por segundo:10
0.90138867146743
0.6299805176822701
0.4959023882547626
0.5509969927443308
0.7758154980110703
1.0814310850037145
1.3535896760804462
1.4879804877127754
1.4319478366087424
1.2085676694841823
0.902952082491538
0.6302931998870918
0.4966528255463345
0.5519350393587956
0.7753152064833557
1.0813685485627502
1.3534020667575533
1.487542732626025
1.4329484196641715
1.2088178152480396
0.9023267180818948
0.6296678354774485
0.4958398518137983
0.5508719198624021
0.7747523785146768
1.080930793476
1.3539023582852678
1.4869799046573462
1.4321979823725997
1.2083800601612893
0.9030146189325023
0.6308560278557707
0.4959023882547626
0.5509344563033665
0.7748149149556411
1.0806181112711783
1.3534020667575533
1.4871049775392748
1.431885300167778
1.2090679610118968
0.903139691814431
0.6314813922654139
0.49621507045958424
0.5510595291852951
0.7744396963098552
1.0798051375386422
1.3530893845527316
1.4878554148308467
1.4323230552545283
1.2097558618625044
0.9035149104602169
0.6309811007376993
0.4969029713101918
0.5507468469804735
0.7746898420737125
1.080930793476
1.351588509969588
1.4876052690669894
1.4328233467822429
1.210256153390219
0.9042028113108245
0.6307934914148063
0.49652775266440585
0.5506217740985448
0.7742520869869622
1.0803054290663567
1.3517135828515165
1.4881680970356683
1.4331985654280288
1.210068544067326
0.9045154935156461
0.6310436371786636
0.4959023882547626
0.5511220656262594
0.7737517954592477
1.0795549917747849
1.3530268481117673
1.4876678055079537
1.43263573745935
1.2101310805082903
